36.041052 -21.206125 36.996570 -21.772770 -31.400439 -0.861567 0.015078
37.863982 -18.839368 20.967413 15.287539 26.702178 -35.691981 0.015078
11.070691 32.595806 -33.252780 -19.366660 -19.720321 43.090799 0.015078
-15.885560 -19.504948 -10.525260 -37.639304 42.067405 18.002243 0.015078
12.341209 -49.700884 38.119716 -19.987734 -15.368000 -26.827693 0.015078
-44.861870 -4.824438 -28.146666 9.565687 25.276618 2.978737 0.015078
-15.576833 -43.508610 25.726659 -6.875577 -25.437374 4.038435 0.015078
25.246999 24.109373 -24.455273 29.715865 -28.550094 -10.838564 0.015078
22.486145 45.983715 -44.970026 -45.922500 0.429058 -37.735079 0.015078
-9.381623 19.434770 -46.380350 -21.533456 -10.184097 49.776059 0.015078
29.171185 18.068696 -28.188111 16.330331 -32.524979 -45.524683 0.015078
31.191936 45.067988 -33.876272 -21.487436 -7.295772 -38.666599 0.015078
12.319500 39.443721 -19.867458 -0.912195 -32.484658 37.407666 0.015078
-8.212416 -27.827972 30.843233 29.816705 -35.840837 -3.757756 0.015078
-2.381584 -29.366580 -48.018222 -30.397864 28.100680 -46.470988 0.015078
36.678655 -22.349579 32.385895 1.847464 -37.619190 -37.488850 0.015078
10.695950 36.355135 -35.156374 6.970863 28.611403 17.167914 0.015078
-20.783269 11.292307 -13.153824 36.029192 -35.352170 15.321928 0.015078
-40.588869 -40.824691 17.414854 -18.125158 19.688497 21.699454 0.015078
-40.967714 24.461744 -26.515412 30.252595 17.552414 25.894627 0.015078
-19.472730 -9.569132 -49.025266 -21.566688 28.851162 -36.554689 0.015078
40.003443 -1.324700 -38.696321 38.715991 10.673058 -1.291581 0.015078
-17.456194 33.318902 -38.951250 -9.698493 10.834662 35.897638 0.015078
-4.832653 6.886161 -28.085014 -34.200504 -4.216519 -48.891289 0.015078
22.858288 28.175896 -30.856060 43.139140 41.565146 -10.535375 0.015078
-49.163601 -19.815346 -39.186084 -26.471684 -26.443180 -1.693417 0.015078
22.362589 40.535115 -49.846735 -27.734563 18.981287 -42.130714 0.015078
20.087185 -22.762319 -49.527706 -25.144621 48.174345 -24.109356 0.015078
-26.969920 -11.374466 9.004982 -22.117401 -35.581979 4.286550 0.015078
13.345507 -35.233460 -15.358418 43.654134 6.991603 -19.576152 0.015078
0.428173 -7.111087 -6.692411 28.330459 17.668849 6.737664 0.015078
23.790853 -14.982989 -39.527572 -44.886904 25.445251 -20.984294 0.015078
11.398634 13.475495 48.444985 30.113553 18.466058 -20.610181 0.015078
46.010393 -32.932259 45.882678 28.812466 -2.505276 -47.636131 0.015078
47.781544 17.160032 -28.458186 -29.339291 -7.770614 47.144289 0.015078
-9.317881 10.789492 -22.218344 35.714657 -33.038728 -15.574642 0.015078
-27.548558 -27.215761 40.520957 10.641346 -26.873967 17.012633 0.015078
8.634147 18.963500 24.688164 -47.168906 32.855573 -46.774637 0.015078
-26.929434 2.875847 33.348702 20.777116 -29.622316 -7.890114 0.015078
48.631571 4.217800 6.149013 -13.967140 2.721569 -46.019682 0.015078
14.550007 29.444584 0.258954 -37.299178 -19.745185 14.550213 0.015078
-40.907664 15.868223 35.508137 -11.539816 -40.416894 -24.891687 0.015078
-31.859157 -27.735602 -13.582049 8.042273 4.233091 -37.777104 0.015078
37.564657 31.250873 -45.336072 46.581046 44.472074 -39.694158 0.015078
-20.987074 37.539079 -15.035541 15.361670 35.163401 11.586933 0.015078
13.169188 33.594930 48.196119 -0.886284 -29.745635 20.217756 0.015078
35.003828 -35.044000 5.587795 22.315293 18.326753 30.726778 0.015078
-7.295817 40.384150 -1.890028 -49.326841 42.247332 -20.324107 0.015078
22.893919 -32.237034 -5.356826 2.188053 42.422336 34.534046 0.015078
38.405400 -43.438440 10.776042 -3.514011 13.398188 9.725124 0.015078
-9.049664 -5.421554 -11.304653 -6.994164 2.743124 1.383249 0.015078
-42.610983 -34.393754 -41.009564 -8.261338 -43.867977 7.284277 0.015078
-36.460371 -49.232065 -38.127740 -49.238022 -36.301411 18.918502 0.015078
-8.391436 -29.789330 -22.473185 -41.669662 -7.224520 10.034096 0.015078
-14.022416 0.832792 29.503344 14.916493 -48.860120 1.016194 0.015078
-39.371759 48.661123 -24.472577 43.055570 -0.001771 25.374741 0.015078
-26.448784 -35.345583 -48.876673 -41.764695 8.840653 -39.024006 0.015078
25.138653 38.037252 22.069589 27.286177 -46.026720 -9.798692 0.015078
-1.509361 -46.233723 3.705080 32.168400 3.238610 -41.070166 0.015078
19.365431 4.408526 -0.000919 49.710891 36.661619 0.551640 0.015078
39.286884 -31.490125 21.849998 -41.998310 -18.062524 -31.639447 0.015078
47.094660 -11.625663 -14.619464 -13.460153 26.898087 7.509747 0.015078
35.670642 15.032095 18.634858 -20.720563 2.763088 -30.840421 0.015078
-5.651189 7.131605 -3.850595 -19.484695 -12.646180 17.248753 0.015078
-28.951995 36.557992 -10.675374 -18.250177 -9.410993 -16.994537 0.015078
-27.005018 -35.069319 31.666333 -13.512964 -37.187375 34.002023 0.015078
-47.100106 40.895885 18.843283 -8.699448 -20.603290 5.179059 0.015078
-36.839006 -39.282687 3.673137 -27.408692 21.490735 18.394297 0.015078
-20.958967 0.058459 -35.615678 -16.925663 1.251361 -6.959457 0.015078
48.923934 28.568730 -4.458711 15.723311 -13.454362 -0.372127 0.015078
-49.493869 3.489427 35.415194 -0.849040 -1.977813 29.603685 0.015078
-14.783529 -22.239688 -33.854056 -11.113548 27.225167 28.238738 0.015078
-17.357893 -15.320897 -10.820332 -27.328695 -34.411259 -0.265491 0.015078
16.229684 -19.943367 48.660789 -12.172568 -38.467876 -12.482049 0.015078
-38.304139 24.934421 42.027379 -20.457072 1.629961 -40.050334 0.015078
32.476408 33.053954 -31.862458 -24.682858 -9.433458 18.070507 0.015078
42.842905 -19.516283 -17.836894 -38.097980 -18.439796 33.917752 0.015078
47.740614 20.149385 39.059940 -21.381636 -25.393293 -42.937944 0.015078
9.372724 7.627006 2.479986 -6.965211 -21.589931 32.279349 0.015078
-39.473742 -43.393811 -22.938385 -26.762512 -20.796582 -15.842457 0.015128
34.716110 22.649785 32.457102 13.885517 -4.177929 25.206388 0.015078
33.509313 13.627467 -28.537257 -4.803933 -40.325164 35.338816 0.015078
27.734707 35.670999 17.654725 6.646360 2.926117 -28.264395 0.015078
-37.278984 47.924261 -18.165660 -16.112176 -4.332472 16.822319 0.015078
-15.076163 8.825152 39.348954 -14.832816 -0.559520 -3.390505 0.015078
-44.620725 33.848953 47.842986 -30.664041 4.548432 -11.431043 0.015078
-31.259528 -48.175879 -13.698000 -21.584896 17.934436 24.887136 0.015078
-45.168035 -38.645330 40.117314 -9.855692 18.350681 -45.139556 0.015078
-16.042043 33.834331 -21.029115 -16.924381 47.264334 -26.243090 0.015078
-11.931815 -41.115948 -25.101094 24.148477 -20.550393 24.314662 0.015078
11.185934 -1.969314 -33.524852 -34.663340 -47.064315 -2.776670 3.525430
34.795325 29.089771 49.459906 16.406559 -5.014922 -42.291212 0.015078
43.491630 27.529564 -3.780189 -6.477503 31.019634 24.478381 0.015078
-3.514239 -47.919612 -42.154079 47.306715 28.002198 -17.183764 0.015078
-29.970805 1.301960 30.016808 -41.749539 4.176691 -20.036610 0.015078
-30.189090 -8.549913 -2.242621 -1.640734 -9.006043 -13.535249 0.015078
-33.523341 6.005425 10.557748 28.464332 -43.961430 -35.132304 0.015078
-30.967272 -27.598185 -16.842677 -24.730285 16.635522 -42.476417 0.015078
19.932748 -13.944808 -28.262287 -26.791111 -22.991902 17.034651 0.015078
12.518395 3.981489 -48.292724 -18.254614 -2.262827 -16.483691 0.024092
-42.997458 20.084781 5.110733 -28.216903 10.415442 14.142939 0.015078
-6.265618 -10.287689 38.589239 25.923384 30.410834 31.110318 0.015078
-11.145670 -37.815528 -27.697816 3.559002 6.951247 -32.909186 0.015078
23.716383 13.364891 -25.950409 -11.884267 6.220745 13.107521 0.015078
-11.686879 30.472058 17.580122 0.949210 -8.507878 8.897426 0.015078
-18.709999 42.255809 27.189530 30.417551 -35.619888 -21.570072 0.015078
-35.373899 42.265014 -7.900572 32.702208 -45.679290 35.573723 0.015078
-7.844439 -40.261063 43.323361 24.875755 1.008099 10.773920 0.015078
-35.183392 -18.824953 16.172010 -48.227388 12.583877 0.089736 0.015078
42.472849 37.622265 -28.841689 2.593229 -41.956218 -13.100935 0.015078
-31.556325 24.351887 3.801893 7.436385 -35.076053 -7.586172 0.015078
29.709368 -27.717359 3.079793 22.842046 -31.434464 9.885055 0.015078
-26.882862 36.081563 -2.208252 -15.082989 42.853188 -11.881557 0.015078
18.985876 14.073300 -4.330907 -35.635669 -35.961093 41.497718 0.015078
-43.914259 13.756190 19.897648 -3.303168 -22.057258 -18.540494 0.015078
-21.986383 -30.569272 -24.342593 -47.767560 -19.162706 -10.984304 0.422766
23.579300 -31.960644 -37.188563 -14.853056 47.707321 -27.672727 0.015078
38.994330 -46.814561 9.947726 28.832037 -24.151310 -33.420538 0.015078
-18.859022 -46.210163 -48.964682 -34.274268 15.934476 -37.169924 0.015078
-22.108488 -28.337274 -8.892416 -34.831765 -25.084381 -14.176080 0.016487
-37.317099 -29.833398 28.298488 28.172198 28.432250 35.869814 0.015078
47.664792 0.829598 -38.459525 27.939369 -27.997774 -12.915130 0.015078
-24.660778 16.293926 -3.538494 -9.362488 -25.132685 -8.648412 0.015078
47.496008 30.663549 24.346580 17.682939 6.645685 9.998767 0.015078
-16.196295 22.952611 -45.095279 -11.679488 42.045533 -29.528440 0.015078
23.838429 -25.333038 -20.988659 24.468581 -6.518385 34.885663 0.015078
41.154822 0.866367 -17.106810 -31.068291 16.195749 -21.167773 0.015078
-6.997065 11.400381 7.750264 -26.755344 -12.189335 -28.198387 0.015078
-26.189616 -35.747128 10.169439 -14.675741 -21.552807 -18.349837 0.018286
-2.085928 -22.088675 -0.979088 1.759546 -41.352007 34.040052 0.015078
49.404503 -46.260873 36.848687 -8.418732 -6.405868 21.926927 0.015078
-31.742649 7.891782 -13.919226 -4.399625 -44.760937 5.529312 0.015078
10.988628 -41.825351 -49.410081 16.201556 22.423287 -26.725554 0.015078
-45.272132 -47.911806 -20.438447 46.934771 18.161686 41.116875 0.015078
24.463410 -31.008045 -45.243159 32.646341 -41.703614 8.514561 0.015078
-4.317041 5.510781 2.199962 -13.230659 -13.245825 -23.744981 0.015044
39.214882 -13.785754 -10.854530 -17.462323 3.773232 19.117890 0.015078
-32.384735 -4.824726 -18.289178 29.913435 25.874091 29.823847 0.015078
42.083851 21.024646 26.891809 16.426995 -5.939232 -47.439818 0.015078
-20.550420 7.996069 -44.784686 -31.172671 25.217511 -39.861958 0.015078
-28.364129 17.107403 -30.706702 -7.600200 -0.818418 -49.963200 0.015078
17.812056 29.589105 33.171678 -47.969713 -48.231755 -39.981150 0.015078
-3.720510 2.011957 27.762797 -46.685930 34.455701 36.126818 0.015078
5.648001 7.839931 -39.022355 9.496697 -14.863151 -7.037865 0.015078
10.861565 20.868033 -44.424687 -9.959275 -4.935857 21.336096 0.015078
17.092660 -27.026706 41.592461 25.815203 -13.229199 23.110490 0.015078
-26.894716 11.024640 -26.391037 -3.796346 -11.683126 -35.824429 0.015078
25.616932 -26.544318 -16.530434 -7.243650 6.174526 17.489122 0.015078
-10.387492 -20.061974 11.257527 -33.861651 33.798529 33.288793 0.015078
21.142841 -45.228410 -27.651573 17.226528 -20.090662 11.941572 0.015078
-1.570359 -1.960153 0.619188 1.505783 -1.512914 1.493447 0.015078
1.441642 -0.848245 1.479863 -0.870911 -1.256018 -0.034463 0.015078
1.514559 -0.753575 0.838697 0.611502 1.068087 -1.427679 0.015078
-0.774907 1.324019 1.537101 1.677694 0.658382 0.241026 0.015078
0.442828 1.303832 -1.330111 -0.774666 -0.788813 1.723632 0.015078
-0.635422 -0.780198 -0.421010 -1.505572 1.682696 0.720090 0.015078
0.874539 -1.121867 0.645416 1.609911 -0.696267 1.573406 0.015078
0.493648 -1.988035 1.524789 -0.799509 -0.614720 -1.073108 0.015078
-1.794475 -0.192978 -1.125867 0.382627 1.011065 0.119149 0.015078
-0.623073 -1.740344 1.029066 -0.275023 -1.017495 0.161537 0.015078
1.009880 0.964375 -0.978211 1.188635 -1.142004 -0.433543 0.015078
0.899446 1.839349 -1.798801 -1.836900 0.017162 -1.509403 0.015078
-0.375265 0.777391 -1.855214 -0.861338 -0.407364 1.991042 0.015078
1.166847 0.722748 -1.127524 0.653213 -1.300999 -1.820987 0.015078
1.247677 1.802720 -1.355051 -0.859497 -0.291831 -1.546664 0.015078
0.492780 1.577749 -0.794698 -0.036488 -1.299386 1.496307 0.015078
0.955467 -0.974282 -0.746221 1.286352 -0.159195 1.793539 0.015078
-0.328497 -1.113119 1.233729 1.192668 -1.433633 -0.150310 0.015078
0.931001 -0.748941 -1.067334 -1.046682 1.974585 0.611632 0.015078
-0.095263 -1.174663 -1.920729 -1.215915 1.124027 -1.858840 0.015078
1.467146 -0.893983 1.295436 0.073899 -1.504768 -1.499554 0.015078
0.427838 1.454205 -1.406255 0.278835 1.144456 0.686717 0.015078
-0.831331 0.451692 -0.526153 1.441168 -1.414087 0.612877 0.015078
-1.623555 -1.632988 0.696594 -0.725006 0.787540 0.867978 0.015078
-1.638709 0.978470 -1.060616 1.210104 0.702097 1.035785 0.015078
-0.778909 -0.382765 -1.961011 -0.862668 1.154046 -1.462188 0.015078
1.689580 0.717288 1.461508 1.682293 1.896554 1.567415 0.015078
1.600138 -0.052988 -1.547853 1.548640 0.426922 -0.051663 0.015078
-0.698248 1.332756 -1.558050 -0.387940 0.433386 1.435906 0.015078
-0.193306 0.275446 -1.123401 -1.368020 -0.168661 -1.955652 0.015078
0.914332 1.127036 -1.234242 1.725566 1.662606 -0.421415 0.015078
-1.966544 -0.792614 -1.567443 -1.058867 -1.057727 -0.067737 0.015078
0.894504 1.621405 -1.993869 -1.109383 0.759251 -1.685229 0.015078
1.112634 -1.108580 1.029384 -0.192225 1.753677 -0.301112 0.015078
0.803487 -0.910493 -1.981108 -1.005785 1.926974 -0.964374 0.015078
-1.078797 -0.454979 0.360199 -0.884696 -1.423279 0.171462 0.015078
0.533820 -1.409338 -0.614337 1.746165 0.279664 -0.783046 0.015078
0.017127 -0.284443 -0.267696 1.133218 0.706754 0.269507 0.015078
0.951634 -0.599320 -1.581103 -1.795476 1.017810 -0.839372 0.015078
0.455945 0.539020 1.937799 1.204542 0.738642 -0.824407 0.015078
1.840416 -1.317290 1.835307 1.152499 -0.100211 -1.905445 0.015078
1.911262 0.686401 -1.138327 -1.173572 -0.310825 1.885772 0.015078
1.059536 1.347213 -1.396566 1.662171 1.746567 -0.560989 0.015078
-0.372715 0.431580 -0.888734 1.428586 -1.321549 -0.622986 0.015078
-1.101942 -1.088630 1.620838 0.425654 -1.074959 0.680505 0.015078
0.345366 0.758540 0.987527 -1.886756 1.314223 -1.870985 0.015078
-1.077177 0.115034 1.333948 0.831085 -1.184893 -0.315605 0.015078
1.945263 0.168712 0.245961 -0.558686 0.108863 -1.840787 0.015078
0.582000 1.177783 0.010358 -1.491967 -0.789807 0.582009 0.015078
0.064227 0.789721 0.674955 0.481536 0.518370 1.508200 0.015078
-1.636307 0.634729 1.420325 -0.461593 -1.616676 -0.995667 0.015078
0.688549 -1.888176 -0.432344 0.519082 1.632860 -0.009253 0.015078
-1.274366 -1.109424 -0.543282 0.321691 0.169324 -1.511084 0.015078
1.502586 1.250035 -1.813443 1.863242 1.778883 -1.587766 0.015078
-0.839483 1.501563 -0.601422 0.614467 1.406536 0.463477 0.015078
-1.449692 1.398451 1.420518 1.031047 1.050632 1.621888 0.015078
0.526768 1.343797 1.927845 -0.035451 -1.189825 0.808710 0.015078
1.400153 -1.401760 0.223512 0.892612 0.733070 1.229071 0.015078
-0.291833 1.615366 -0.075601 -1.973074 1.689893 -0.812964 0.015078
0.915757 -1.289481 -0.214273 0.087522 1.696893 1.381362 0.015078
-1.497272 1.957797 1.499988 1.641615 -1.737272 -1.869025 0.015078
1.536216 -1.737538 0.431042 -0.140560 0.535928 0.389005 0.015078
-0.361987 -0.216862 -0.452186 -0.279767 0.109725 0.055330 0.015078
-1.704439 -1.375750 -1.640383 -0.330454 -1.754719 0.291371 0.015078
-1.458415 -1.969283 -1.525110 -1.969521 -1.452056 0.756740 0.015078
-0.335657 -1.191573 -0.898927 -1.666786 -0.288981 0.401364 0.015078
-0.600652 -0.713591 1.889511 -1.760695 0.545998 1.739459 0.015078
0.038008 0.789674 -1.212099 1.512437 -0.140779 0.371869 0.015078
-0.560897 0.033312 1.180134 0.596660 -1.954405 0.040648 0.015078
-1.574870 1.946445 -0.978903 1.722223 -0.000071 1.014990 0.015078
-1.431317 1.869834 1.856771 -1.043645 1.791327 1.117220 0.015078
0.074570 -1.579799 0.653834 -0.108880 1.550585 -0.009380 0.015078
-1.057951 -1.413823 -1.955067 -1.670588 0.353626 -1.560960 0.015078
1.495775 0.195606 0.417463 0.218815 -0.970955 1.557931 0.015078
1.005546 1.521490 0.882784 1.091447 -1.841069 -0.391948 0.015078
-0.060374 -1.849349 0.148203 1.286736 0.129544 -1.642807 0.015078
0.774617 0.176341 -0.000037 1.988436 1.466465 0.022066 0.015078
1.571475 -1.259605 0.874000 -1.679932 -0.722501 -1.265578 0.015078
1.883786 -0.465027 -0.584779 -0.538406 1.075923 0.300390 0.015078
1.426826 0.601284 0.745394 -0.828823 0.110524 -1.233617 0.015078
-0.226048 0.285264 -0.154024 -0.779388 -0.505847 0.689950 0.015078
-0.275801 0.407770 0.731700 1.523840 -1.593097 -1.380637 0.015078
-1.158080 1.462320 -0.427015 -0.730007 -0.376440 -0.679781 0.015078
-1.080201 -1.402773 1.266653 -0.540519 -1.487495 1.360081 0.015078
-1.884004 1.635835 0.753731 -0.347978 -0.824132 0.207162 0.015078
-1.473560 -1.571307 0.146925 -1.096348 0.859629 0.735772 0.015078
-0.838359 0.002338 -1.424627 -0.677027 0.050054 -0.278378 0.015078
-0.785179 -0.980077 0.309594 0.752891 -0.756457 0.746723 0.015078
0.720821 -0.424122 0.739931 -0.435455 -0.628009 -0.017231 0.015078
0.757280 -0.376787 0.419348 0.305751 0.534044 -0.713840 0.015078
-0.387453 0.662010 0.768551 0.838847 0.329191 0.120513 0.015078
0.221414 0.651916 -0.665056 -0.387333 -0.394406 0.861816 0.015078
-0.317711 -0.390099 -0.210505 -0.752786 0.841348 0.360045 0.015078
0.437270 -0.560933 0.322708 0.804955 -0.348133 0.786703 0.015078
0.246824 -0.994018 0.762394 -0.399755 -0.307360 -0.536554 0.015078
-0.897237 -0.096489 -0.562933 0.191314 0.505532 0.059575 0.015078
-0.311537 -0.870172 0.514533 -0.137512 -0.508747 0.080769 0.015078
0.504940 0.482187 -0.489105 0.594317 -0.571002 -0.216771 0.015078
0.449723 0.919674 -0.899401 -0.918450 0.008581 -0.754702 0.015078
-0.187632 0.388695 -0.927607 -0.430669 -0.203682 0.995521 0.015078
0.583424 0.361374 -0.563762 0.326607 -0.650500 -0.910494 0.015078
0.623839 0.901360 -0.677525 -0.429749 -0.145915 -0.773332 0.015078
0.246390 0.788874 -0.397349 -0.018244 -0.649693 0.748153 0.015078
0.477734 -0.487141 -0.373110 0.643176 -0.079598 0.896770 0.015078
-0.164248 -0.556559 0.616865 0.596334 -0.716817 -0.075155 0.015078
0.465501 -0.374470 -0.533667 -0.523341 0.987293 0.305816 0.015078
-0.047632 -0.587332 -0.960364 -0.607957 0.562014 -0.929420 0.015078
0.733573 -0.446992 0.647718 0.036949 -0.752384 -0.749777 0.015078
0.213919 0.727103 -0.703127 0.139417 0.572228 0.343358 0.015078
-0.415665 0.225846 -0.263076 0.720584 -0.707043 0.306439 0.015078
-0.811777 -0.816494 0.348297 -0.362503 0.393770 0.433989 0.015078
-0.819354 0.489235 -0.530308 0.605052 0.351048 0.517893 0.015078
-0.389455 -0.191383 -0.980505 -0.431334 0.577023 -0.731094 0.015078
0.844790 0.358644 0.730754 0.841146 0.948277 0.783707 0.015078
0.800069 -0.026494 -0.773926 0.774320 0.213461 -0.025832 0.015078
-0.349124 0.666378 -0.779025 -0.193970 0.216693 0.717953 0.015078
-0.096653 0.137723 -0.561700 -0.684010 -0.084330 -0.977826 0.015078
0.457166 0.563518 -0.617121 0.862783 0.831303 -0.210707 0.015078
-0.983272 -0.396307 -0.783722 -0.529434 -0.528864 -0.033868 0.015078
0.447252 0.810702 -0.996935 -0.554691 0.379626 -0.842614 0.015078
0.556317 -0.554290 0.514692 -0.096113 0.876838 -0.150556 0.015078
0.401744 -0.455246 -0.990554 -0.502892 0.963487 -0.482187 0.015078
-0.539398 -0.227489 0.180100 -0.442348 -0.711640 0.085731 0.015078
0.266910 -0.704669 -0.307168 0.873083 0.139832 -0.391523 0.015078
0.008563 -0.142222 -0.133848 0.566609 0.353377 0.134753 0.015078
0.475817 -0.299660 -0.790551 -0.897738 0.508905 -0.419686 0.015078
0.227973 0.269510 0.968900 0.602271 0.369321 -0.412204 0.015078
0.920208 -0.658645 0.917654 0.576249 -0.050106 -0.952723 0.015078
0.955631 0.343201 -0.569164 -0.586786 -0.155412 0.942886 0.015078
0.529768 0.673607 -0.698283 0.831086 0.873283 -0.280494 0.015078
-0.186358 0.215790 -0.444367 0.714293 -0.660775 -0.311493 0.015078
-0.550971 -0.544315 0.810419 0.212827 -0.537479 0.340253 0.015078
0.172683 0.379270 0.493763 -0.943378 0.657111 -0.935493 0.015078
-0.538589 0.057517 0.666974 0.415542 -0.592446 -0.157802 0.015078
0.972631 0.084356 0.122980 -0.279343 0.054431 -0.920394 0.015078
0.291000 0.588892 0.005179 -0.745984 -0.394904 0.291004 0.015078
0.032114 0.394861 0.337477 0.240768 0.259185 0.754100 0.015078
-0.818153 0.317364 0.710163 -0.230796 -0.808338 -0.497834 0.015078
0.344275 -0.944088 -0.216172 0.259541 0.816430 -0.004627 0.015078
-0.637183 -0.554712 -0.271641 0.160845 0.084662 -0.755542 0.015078
0.751293 0.625017 -0.906721 0.931621 0.889441 -0.793883 0.015078
-0.419741 0.750782 -0.300711 0.307233 0.703268 0.231739 0.015078
-0.724846 0.699226 0.710259 0.515523 0.525316 0.810944 0.015078
0.263384 0.671899 0.963922 -0.017726 -0.594913 0.404355 0.015078
0.700077 -0.700880 0.111756 0.446306 0.366535 0.614536 0.015078
-0.145916 0.807683 -0.037801 -0.986537 0.844947 -0.406482 0.015078
0.457878 -0.644741 -0.107137 0.043761 0.848447 0.690681 0.015078
-0.748636 0.978899 0.749994 0.820808 -0.868636 -0.934512 0.015078
0.768108 -0.868769 0.215521 -0.070280 0.267964 0.194502 0.015078
-0.180993 -0.108431 -0.226093 -0.139883 0.054862 0.027665 0.015078
-0.852220 -0.687875 -0.820191 -0.165227 -0.877360 0.145686 0.015078
-0.729207 -0.984641 -0.762555 -0.984760 -0.726028 0.378370 0.015078
-0.167829 -0.595787 -0.449464 -0.833393 -0.144490 0.200682 0.015078
-0.300326 -0.356795 0.944756 -0.880348 0.272999 0.869729 0.015078
0.019004 0.394837 -0.606049 0.756219 -0.070390 0.185934 0.015078
-0.280448 0.016656 0.590067 0.298330 -0.977202 0.020324 0.015078
-0.787435 0.973222 -0.489452 0.861111 -0.000035 0.507495 0.015078
-0.715658 0.934917 0.928386 -0.521823 0.895664 0.558610 0.015078
0.037285 -0.789899 0.326917 -0.054440 0.775293 -0.004690 0.015078
-0.528976 -0.706912 -0.977533 -0.835294 0.176813 -0.780480 0.015078
0.747887 0.097803 0.208731 0.109408 -0.485477 0.778966 0.015078
0.502773 0.760745 0.441392 0.545724 -0.920534 -0.195974 0.015078
-0.030187 -0.924674 0.074102 0.643368 0.064772 -0.821403 0.015078
0.387309 0.088171 -0.000018 0.994218 0.733232 0.011033 0.015078
0.785738 -0.629802 0.437000 -0.839966 -0.361250 -0.632789 0.015078
0.941893 -0.232513 -0.292389 -0.269203 0.537962 0.150195 0.015078
0.713413 0.300642 0.372697 -0.414411 0.055262 -0.616808 0.015078
-0.113024 0.142632 -0.077012 -0.389694 -0.252924 0.344975 0.015078
-0.137901 0.203885 0.365850 0.761920 -0.796548 -0.690319 0.015078
-0.579040 0.731160 -0.213507 -0.365004 -0.188220 -0.339891 0.015078
-0.540100 -0.701386 0.633327 -0.270259 -0.743748 0.680040 0.015078
-0.942002 0.817918 0.376866 -0.173989 -0.412066 0.103581 0.015078
-0.736780 -0.785654 0.073463 -0.548174 0.429815 0.367886 0.015078
-0.419179 0.001169 -0.712314 -0.338513 0.025027 -0.139189 0.015078
-0.345286 0.739426 -0.103804 0.901038 0.358765 -0.126510 0.015078
0.790404 -0.654558 0.390355 0.407147 0.954389 0.481151 0.015078
0.978479 0.571375 -0.089174 0.314466 -0.269087 -0.007443 0.015078
-0.268609 -0.148633 -0.161837 -0.149743 0.451810 0.939022 0.015078
-0.989877 0.069789 0.708304 -0.016981 -0.039556 0.592074 0.015078
-0.295671 -0.444794 -0.677081 -0.222271 0.544503 0.564775 0.015078
-0.347158 -0.306418 -0.216407 -0.546574 -0.688225 -0.005310 0.015078
0.324594 -0.398867 0.973216 -0.243451 -0.769358 -0.249641 0.015078
0.336808 -0.276203 0.545876 0.764467 -0.527268 0.456052 0.015078
-0.766083 0.498688 0.840548 -0.409141 0.032599 -0.801007 0.015078
0.649528 0.661079 -0.637249 -0.493657 -0.188669 0.361410 0.015078
0.065839 0.623621 0.306252 0.763927 -0.577279 0.009423 0.015078
0.619145 -0.894989 -0.717486 0.475358 0.742713 0.849222 0.015078
0.856858 -0.390326 -0.356738 -0.761960 -0.368796 0.678355 0.015078
0.606757 0.322311 -0.076308 -0.609839 0.437649 0.927647 0.015078
0.954812 0.402988 0.781199 -0.427633 -0.507866 -0.858759 0.015078
0.298095 -0.089927 -0.294635 0.743887 0.979561 -0.828126 0.015078
0.187454 0.152540 0.049600 -0.139304 -0.431799 0.645587 0.015078
-0.789475 -0.867876 -0.458768 -0.535250 -0.415932 -0.316849 0.015078
0.694322 0.452996 0.649142 0.277710 -0.083559 0.504128 0.015078
0.670186 0.272549 -0.570745 -0.096079 -0.806503 0.706776 0.015078
0.554694 0.713420 0.353094 0.132927 0.058522 -0.565288 0.015078
-0.745580 0.958485 -0.363313 -0.322244 -0.086649 0.336446 0.015078
0.706164 0.313669 0.459947 0.759224 -0.096885 -0.686935 0.015078
0.265534 0.995315 0.089256 0.739563 -0.628964 0.562257 0.015078
-0.301523 0.176503 0.786979 -0.296656 -0.011190 -0.067810 0.015078
-0.892414 0.676979 0.956860 -0.613281 0.090969 -0.228621 0.015078
0.997046 -0.860861 -0.230872 0.257799 -0.522270 0.938404 0.015078
-0.625191 -0.963518 -0.273960 -0.431698 0.358689 0.497743 0.015078
-0.903361 -0.772907 0.802346 -0.197114 0.367014 -0.902791 0.015078
-0.320841 0.676687 -0.420582 -0.338488 0.945287 -0.524862 0.015078
-0.238636 -0.822319 -0.502022 0.482970 -0.411008 0.486293 0.015078
0.223719 -0.039386 -0.670497 -0.693267 -0.941286 -0.055533 0.015078
0.695906 0.581795 0.989198 0.328131 -0.100298 -0.845824 0.015078
0.869833 0.550591 -0.075604 -0.129550 0.620393 0.489568 0.015078
-0.195078 -0.268862 0.544763 0.949028 -0.472360 -0.383136 0.015078
-0.070285 -0.958392 -0.843082 0.946134 0.560044 -0.343675 0.015078
-0.599416 0.026039 0.600336 -0.834991 0.083534 -0.400732 0.015078
-0.603782 -0.170998 -0.044852 -0.032815 -0.180121 -0.270705 0.015078
0.748806 0.045543 0.286657 -0.227112 0.944720 0.387808 0.015078
-0.670467 0.120108 0.211155 0.569287 -0.879229 -0.702646 0.015078
-0.619345 -0.551964 -0.336854 -0.494606 0.332710 -0.849528 0.015078
0.398655 -0.278896 -0.565246 -0.535822 -0.459838 0.340693 0.015078
0.250368 0.079630 -0.965854 -0.365092 -0.045257 -0.329674 0.015078
-0.859949 0.401696 0.102215 -0.564338 0.208309 0.282859 0.015078
-0.125312 -0.205754 0.771785 0.518468 0.608217 0.622206 0.015078
-0.222913 -0.756311 -0.553956 0.071180 0.139025 -0.658184 0.015078
0.474328 0.267298 -0.519008 -0.237685 0.124415 0.262150 0.015078
-0.233738 0.609441 0.351602 0.018984 -0.170158 0.177949 0.015078
-0.374200 0.845116 0.543791 0.608351 -0.712398 -0.431401 0.015078
-0.707478 0.845300 -0.158011 0.654044 -0.913586 0.711474 0.015078
-0.156889 -0.805221 0.866467 0.497515 0.020162 0.215478 0.015078
-0.703668 -0.376499 0.323440 -0.964548 0.251678 0.001795 0.015078
0.849457 0.752445 -0.576834 0.051865 -0.839124 -0.262019 0.015078
-0.631126 0.487038 0.076038 0.148728 -0.701521 -0.151723 0.015078
0.983044 0.403146 -0.243509 -0.255119 0.853111 0.777826 0.015078
0.594187 -0.554347 0.061596 0.456841 -0.628689 0.197701 0.015078
-0.537657 0.721631 -0.044165 -0.301660 0.857064 -0.237631 0.015078
0.379718 0.281466 -0.086618 -0.712713 -0.719222 0.829954 0.015078
-0.878285 0.275124 0.397953 -0.066063 -0.441145 -0.370810 0.015078
-0.439728 -0.611385 -0.486852 -0.955351 -0.383254 -0.219686 0.015078
0.471586 -0.639213 -0.743771 -0.297061 0.954146 -0.553455 0.015078
0.028367 -0.809062 0.324367 -0.068036 -0.021078 0.801940 0.015078
0.779887 -0.936291 0.198955 0.576641 -0.483026 -0.668411 0.015078
-0.377180 -0.924203 -0.979294 -0.685485 0.318690 -0.743398 0.015078
-0.442170 -0.566745 -0.177848 -0.696635 -0.501688 -0.283522 0.015078
-0.746342 -0.596668 0.565970 0.563444 0.568645 0.717396 0.015078
0.953296 0.016592 -0.769191 0.558787 -0.559955 -0.258303 0.015078
-0.493216 0.325879 -0.070770 -0.187250 -0.502654 -0.172968 0.015078
0.949920 0.613271 0.486932 0.353659 0.132914 0.199975 0.015078
-0.323926 0.459052 -0.901906 -0.233590 0.840911 -0.590569 0.015078
0.966169 -0.829979 0.268850 -0.014137 0.928461 0.959341 0.015078
0.476769 -0.506661 -0.419773 0.489372 -0.130368 0.697713 0.015078
-0.246724 -0.457572 0.488356 0.709030 -0.336426 0.625026 0.015078
0.823096 0.017327 -0.342136 -0.621366 0.323915 -0.423355 0.015078
-0.139941 0.228008 0.155005 -0.535107 -0.243787 -0.563968 0.015078
-0.665566 0.750157 0.925712 0.927271 -0.652702 0.776912 0.015078
0.256087 0.559215 0.675425 0.986784 0.122913 -0.019533 0.015078
-0.523792 -0.714943 0.203389 -0.293515 -0.431056 -0.366997 0.015078
-0.041719 -0.441773 -0.019582 0.035191 -0.827040 0.680801 0.015078
0.988090 -0.925217 0.736974 -0.168375 -0.128117 0.438539 0.015078
-0.634853 0.157836 -0.278385 -0.087993 -0.895219 0.110586 0.015078
0.219773 -0.836507 -0.988202 0.324031 0.448466 -0.534511 0.015078
-0.905443 -0.958236 -0.408769 0.938695 0.363234 0.822337 0.015078
0.489268 -0.620161 -0.904863 0.652927 -0.834072 0.170291 0.015078
-0.086341 0.110216 0.043999 -0.264613 -0.264917 -0.474900 0.015078
-0.463564 -0.120236 -0.082320 0.615243 -0.438147 0.958939 0.015078
0.784298 -0.275715 -0.217091 -0.349246 0.075465 0.382358 0.015078
-0.647695 -0.096495 -0.365784 0.598269 0.517482 0.596477 0.015078
0.841677 0.420493 0.537836 0.328540 -0.118785 -0.948796 0.015078
-0.411008 0.159921 -0.895694 -0.623453 0.504350 -0.797239 0.015078
-0.567283 0.342148 -0.614134 -0.152004 -0.016368 -0.999264 0.015078
0.356241 0.591782 0.663434 -0.959394 -0.964635 -0.799623 0.015078
-0.074410 0.040239 0.555256 -0.933719 0.689114 0.722536 0.015078
0.112960 0.156799 -0.780447 0.189934 -0.297263 -0.140757 0.015078
0.217231 0.417361 -0.888494 -0.199185 -0.098717 0.426722 0.015078
0.341853 -0.540534 0.831849 0.516304 -0.264584 0.462210 0.015078
-0.537894 0.220493 -0.527821 -0.075927 -0.233663 -0.716489 0.015078
-0.525934 0.393300 -0.365970 0.854057 -0.862498 0.351026 0.015078
0.512339 -0.530886 -0.330609 -0.144873 0.123491 0.349782 0.015078
-0.825330 0.256757 0.830589 -0.788410 -0.646608 0.878693 0.015078
-0.207750 -0.401239 0.225151 -0.677233 0.675971 0.665776 0.015078
0.422857 -0.904568 -0.553031 0.344531 -0.401813 0.238831 0.015078
-0.886499 0.597705 0.127629 0.154175 0.634673 0.454417 0.015078
-0.623616 0.607491 -0.724042 0.523573 -0.313883 -0.435058 0.015078
0.478407 0.935983 0.509500 -0.596994 -0.628985 -0.698983 0.015078
0.823199 -0.307627 -0.350268 -0.417740 -0.703539 -0.272583 0.015078
0.642435 0.216282 -0.072049 -0.687239 0.053375 0.797855 0.015078
0.698246 0.082253 -0.914444 0.614963 -0.405459 -0.609695 0.015078
-0.649861 0.711111 -0.391251 -0.417901 -0.354526 0.289661 0.015078
0.134331 -0.942933 -0.590411 0.169819 0.594686 0.584036 0.015078
0.186661 0.958969 -0.679169 0.391428 0.708256 0.652108 0.015078
0.079295 -0.858789 0.304913 -0.943451 -0.910292 -0.589660 0.015078
-0.576143 -0.926236 0.970878 -0.156371 -0.803730 0.101850 0.015078
-0.556991 -0.631958 -0.563864 -0.439471 -0.147671 -0.877417 0.015078
0.104611 0.634035 -0.354133 -0.336178 -0.768027 -0.241066 0.015078
-0.842139 0.538391 0.439029 0.949083 -0.334129 -0.723602 0.015078
-0.576239 0.105963 -0.846632 -0.939114 0.922138 -0.807838 0.015078
0.704270 -0.331391 0.614426 -0.291773 0.381167 0.722117 0.015078
0.793356 -0.347117 0.480556 -0.532412 0.281980 0.887754 0.015078
0.649931 -0.571797 -0.424054 0.020974 0.473228 0.494825 0.015078
-0.172422 -0.633693 0.886930 0.599467 0.831082 0.704264 0.015078
0.742261 -0.550575 -0.924103 -0.329371 0.005930 -0.955491 0.015078
-0.497374 -0.742105 -0.010865 -0.392135 -0.447628 -0.875113 0.015078
0.507973 -0.971215 0.000035 0.856179 0.472531 0.632182 0.015078
-0.287474 0.936732 -0.949011 0.226593 -0.612052 0.561455 0.015078
0.395318 -0.220514 -0.810698 0.293197 -0.092032 0.527649 0.015078
0.473538 -0.287512 0.174058 0.204128 -0.842242 -0.953802 0.015078
-0.474459 -0.886060 0.568444 -0.305643 0.689445 0.762827 0.015078
-0.059545 -0.819682 -0.173389 -0.854069 0.025738 -0.579836 0.015078
0.376009 -0.269117 0.736860 0.870623 0.507078 0.961815 0.015078
0.640918 -0.080659 0.585357 0.587042 -0.674384 0.770021 0.015078
0.519284 -0.514970 -0.827585 -0.789019 -0.398409 -0.194521 0.015078
0.202869 0.469253 -0.752466 0.921198 0.234431 0.650365 0.015078
0.777192 -0.327991 0.641521 0.110052 0.795959 -0.884946 0.015078
-0.255936 0.277283 -0.518228 -0.660000 -0.624065 0.633537 0.015078
-0.060826 0.058360 0.308368 -0.394062 -0.838704 -0.482745 0.015078
-0.114678 0.125546 0.319442 0.688182 -0.154929 -0.439019 0.015078
0.358730 0.596910 -0.623366 -0.056771 0.485102 -0.710318 0.015078
0.223653 0.967724 0.309204 0.797320 0.638412 -0.131722 0.015078
0.519614 0.417026 -0.547531 0.078809 0.604287 -0.108345 0.015078
0.049760 0.120531 -0.524928 -0.757742 0.685347 -0.095907 0.015078
0.248677 -0.666395 -0.193833 0.634093 -0.825700 -0.249521 0.015078
0.902423 -0.258120 -0.159489 0.187978 -0.690792 0.938594 0.015078
-0.652815 -0.189210 -0.636462 -0.393328 0.318803 0.835522 0.015078
0.313268 -0.307854 0.565699 -0.530675 -0.376340 -0.976502 0.015078
0.160142 -0.254545 0.418909 0.455629 0.371927 -0.960087 0.015078
0.042661 0.358671 -0.957318 0.119791 -0.043849 -0.835291 0.015078
-0.129788 0.856934 -0.438158 -0.316287 0.914249 0.729521 0.015078
-0.891548 -0.878590 -0.493166 0.393141 -0.689830 0.066265 0.015078
0.716172 -0.476731 0.321618 -0.256228 -0.312555 0.526937 0.015078
0.345911 -0.899870 0.302598 -0.685929 0.989882 -0.421543 0.015078
-0.126442 0.443090 -0.433237 0.890463 -0.383231 -0.840909 0.015078
0.123222 0.588604 -0.155881 -0.795866 -0.790330 -0.590751 0.015078
0.384285 0.333987 -0.190321 0.051562 0.162173 -0.260785 0.015078
0.589619 -0.671753 -0.037850 -0.331583 0.098361 -0.287371 0.015078
0.997512 0.252974 -0.778988 -0.333479 -0.492408 -0.503750 0.015078
-0.185853 -0.157534 -0.613946 0.457271 -0.599369 0.404416 0.015078
-0.280171 0.093294 0.044194 0.402072 -0.216850 -0.159439 0.015078
0.829789 -0.688769 -0.945309 -0.664140 -0.632155 0.887274 0.015078
-0.499606 -0.473251 0.722478 -0.775193 -0.289698 -0.520812 0.015078
0.368898 0.740307 0.655157 -0.976076 0.338139 -0.008435 0.015078
0.721803 0.752703 0.158873 -0.668635 -0.314847 -0.378094 0.015078
0.596741 -0.897071 0.816343 0.227161 -0.596735 0.688669 0.015078
0.317424 0.508928 0.673126 0.291733 0.436513 0.221683 0.015078
-0.593216 -0.452442 -0.158833 0.479257 0.059164 0.355193 0.015078
-0.328949 0.521894 -0.516073 0.542648 0.724692 0.251173 0.015078
-0.187871 0.624057 -0.102259 0.790444 0.174330 -0.399709 0.015078
-0.147150 -0.728509 -0.835230 0.327332 -0.163906 -0.672209 0.015078
-0.709203 0.600126 0.959545 0.046877 0.603637 0.395686 0.015078
-0.335221 0.745518 -0.072437 -0.000537 0.598135 0.377814 0.015078
0.788460 -0.272043 -0.856395 0.184618 0.222969 0.325679 0.015078
-0.000629 -0.561603 0.718022 -0.904806 0.509292 -0.787755 0.015078
0.368652 0.160431 0.036486 -0.267456 -0.279834 0.970422 0.015078
0.344414 -0.276080 0.738031 0.487618 0.385965 -0.327663 0.015078
-0.798597 -0.166499 -0.101712 0.960536 0.709227 -0.079933 0.015078
-0.785179 -0.980077 0.309594 0.752891 -0.756457 0.746723 0.015078
0.720821 -0.424122 0.739931 -0.435455 -0.628009 -0.017231 0.015078
0.757280 -0.376787 0.419348 0.305751 0.534044 -0.713840 0.015078
-0.785179 -0.980077 0.309594 0.752891 -0.756457 0.746723 0.015078
0.720821 -0.424122 0.739931 -0.435455 -0.628009 -0.017231 0.015078
-7.851793 -9.800767 3.095942 7.528914 -7.564572 7.467233 0.015078
7.208210 -4.241225 7.399314 -4.354554 -6.280088 -0.172313 0.015078
-7.851793 -9.800767 3.095942 7.528914 -7.564572 7.467233 0.015078
7.208210 -4.241225 7.399314 -4.354554 -6.280088 -0.172313 0.015078
7.572796 -3.767874 4.193483 3.057508 5.340436 -7.138396 0.015078
-3.874535 6.620096 7.685507 8.388472 3.291910 1.205132 0.015078
-7.851793 -9.800767 3.095942 7.528914 -7.564572 7.467233 0.015078
-7.851793 -9.800767 3.095942 7.528914 -7.564572 7.467233 8.855731
7.208210 -4.241225 7.399314 -4.354554 -6.280088 -0.172313 8.855731
-7.851793 -9.800767 3.095942 7.528914 -7.564572 7.467233 8.855731
-7.851793 -9.800767 3.095942 7.528914 -7.564572 7.467233 0.000000
7.208210 -4.241225 7.399314 -4.354554 -6.280088 -0.172313 0.000000
-7.851793 -9.800767 3.095942 7.528914 -7.564572 7.467233 0.000000
7.208210 -4.241225 7.399314 -4.354554 -6.280088 -0.172313 0.000000
7.572796 -3.767874 4.193483 3.057508 5.340436 -7.138396 0.000000
-3.874535 6.620096 7.685507 8.388472 3.291910 1.205132 0.000000
-7.851793 -9.800767 3.095942 7.528914 -7.564572 7.467233 0.000000
7.208210 -4.241225 7.399314 -4.354554 -6.280088 -0.172313 0.000000
-7.851793 -9.800767 3.095942 7.528914 -7.564572 7.467233 0.000000
7.208210 -4.241225 7.399314 -4.354554 -6.280088 -0.172313 0.000000
